Cluster0:
323906398352195585
323907087551836160
Cluster1:
Cluster2:
Cluster3:
Cluster4:
Cluster5:
323906484629032960
323913746231750656
323918009901150208
323924496144797697
323924665074581504
323929272685318147
323932515599515649
323946504752603136
323950257832603648
Cluster6:
Cluster7:
324117950774775809
324117952695771137
Cluster8:
324002623571255296
324070589214117888
324125626284007424
324138055772561408
324154782782742529
324179340675915779
324188481918230528
324227779530985472
324460055724433408
324534627039588355
Cluster9:
324219503401644033
324358798179459073
324366333829586945
324419757661097984
Cluster10:
324320247018573824
324327405743382529
324327410344542208
324423829088784384
324425542629732352
Cluster11:
324346553835868161
Cluster12:
Cluster13:
324408472441585664
324408861563944960
324409861041438720
324409871061618689
324432383115935744
324437436077854721
324438127102013440
324439166496690176
324439832715747328
324440178842296321
324441529030701057
324441544377634816
324445289912074240
324445292130877440
324446653635522560
324452116863258624
Cluster14:
Cluster15:
Cluster16:
324785120085176320
324785122073251840
324785129241341952
324785131569168384
324787508997144576
Cluster17:
Cluster18:
Cluster19:
325162944931438592
325163043233337344
325165164561330176
325166486215856129
325170591164403712
325170934115864576
325171288526163968
325171606253080577
325172960413503489
325173634563964929
325175391654408192
325176378595102720
325178436660375552
Cluster20:
Cluster21:
325329802032721920
325335253487063041
325337623910559745
325337627857387521
325337640322871296
325338650076405761
325342218942554112
325350010961141760
325586012854185985
Cluster22:
Cluster23:
325701932083716096
325701934273134594
325701941478973440
325702031912349696
325702115865538560
325702269288992768
325702271591665664
325702273684627456
325702285621612545
325702287978795009
325702294287048705
325702294928764929
325702363174285312
325702375430057984
325702377279729664
325702626169729024
325702632603803648
325702633174204416
325702635405574145
325702711729348608
325702890297643008
325702936036524032
325702950859198464
325702958786441216
Cluster24:
325917940564250624
325927476566032385
325946283368013824
325946633986641920
325946659739668480
325946918842818560
325947086145212416
325947301745029121
325947340777222145
325947343281205248
Sum of squared error for cluster is:16.9493267631